box 3 before place 
 0.4343770321541536, -1.691978396175891, 2.6300749687077616, -0.9372566037408845, 2.004677378496499, 1.5705890517078824

point 4
-1.5224628481723261, -1.6939811695411597, 2.6321827705749214, -0.9468483343943142, 0.047622991433765804, 1.5803030713713841


point 5
 -1.6189231750904636, -1.2604615074407555, -2.535010332271052,  0.6665288700529892, 0.04851586917115558, -1.5832525194701912

point 6
-1.5228999120662596, -2.093779183393999, 2.1261672828295968, -0.039707742104378774, 0.04855911683073, 1.5783760408838559



point 9
0.7168111519229043, -1.564542791533908, -1.9432369129632692, 0.36550882193140843, 0.85430588439531, -1.5694882472315728


point 10
 1.062749423023451, -1.908648664752521, -1.5352541177952919, 0.3004292127717907, 0.5084236918783125, -1.569243454954865

point 11
-3.0239909849126425, -0.14694709936541717, -1.5547965196001563, -1.439191930779213, -1.6885940494328135, -1.5716181703132168


point 12
-2.5095953723742097, -1.269376977904237, 1.142268725886364, -3.01376200160625, -2.2032285275788155, -1.5703027981177051